   good_chi1_period = [datenum(2016,08,25) datenum(2017,01,20);
                       datenum(2016,08,25) datenum(2016,11,04);
                       datenum(2016,08,23) datenum(2016,08,23);
                       datenum(2016,08,26) datenum(2016,11,05);
                       datenum(2016,08,26) datenum(2016,09,12);
                       datenum(2016,08,26) datenum(2016,11,06);
                       datenum(2017,09,01) datenum(2018,02,01);  % 7700
                       datenum(2017,09,01) datenum(2017,09,21);
                       datenum(2017,09,01) datenum(2017,12,28);
                       datenum(2017,09,01) datenum(2017,11,09);
                       datenum(2017,09,01) datenum(2018,01,18);
                       datenum(2017,09,01) datenum(2017,10,19)];

   good_chi2_period = [datenum(2016,08,27) datenum(2016,11,09);
                       datenum(2016,08,27) datenum(2016,10,24);
                       datenum(2016,08,27) datenum(2016,11,25);
                       datenum(2016,08,27) datenum(2016,11,05);
                       datenum(2016,08,27) datenum(2016,09,12);
                       datenum(2016,08,27) datenum(2016,09,15);
                       datenum(2017,09,01) datenum(2018,02,01);   % 7700
                       datenum(2017,09,01) datenum(2017,09,01);
                       datenum(2017,09,01) datenum(2017,09,08);
                       datenum(2017,09,01) datenum(2018,01,18);
                       datenum(2017,09,01) datenum(2017,09,09);
                       datenum(2017,09,01) datenum(2017,10,19)];
